session_id,participant__id_in_session,participant__code,page_index,app_name,page_name,time_stamp,seconds_on_page,subsession_pk,auto_submitted
1,1,vtst76vi,1,informed_consent_ambiguity,Consent,1550609048,37,1,False
1,1,vtst76vi,3,amb_info,Quiz,1550609133,85,1,False
1,1,vtst76vi,4,amb_info,Part,1550609137,4,1,False
1,1,vtst76vi,6,amb_info,Decision,1550609174,37,1,False
1,1,vtst76vi,14,amb_info,Decision,1550609270,96,2,False
1,1,vtst76vi,21,amb_info,InfoChoice,1550609346,76,3,False
1,1,vtst76vi,22,amb_info,Decision,1550609435,89,3,False
1,1,vtst76vi,28,amb_info,Part,1550609438,3,4,False
1,1,vtst76vi,30,amb_info,Decision,1550609491,53,4,False
1,1,vtst76vi,38,amb_info,Decision,1550609518,27,5,False
1,1,vtst76vi,45,amb_info,InfoChoice,1550609560,42,6,False
1,1,vtst76vi,46,amb_info,Decision,1550609576,16,6,False
1,1,vtst76vi,47,amb_info,Results,1550609602,26,6,False
1,1,vtst76vi,48,amb_info,FeedbackPage,1550609667,65,6,False
1,2,vm5nnmzj,1,informed_consent_ambiguity,Consent,1550609029,18,1,False
1,2,vm5nnmzj,3,amb_info,Quiz,1550609057,28,1,False
1,2,vm5nnmzj,4,amb_info,Part,1550609060,3,1,False
1,2,vm5nnmzj,6,amb_info,Decision,1550609116,56,1,False
1,2,vm5nnmzj,14,amb_info,Decision,1550609175,59,2,False
1,2,vm5nnmzj,21,amb_info,InfoChoice,1550609208,33,3,False
1,2,vm5nnmzj,22,amb_info,Decision,1550609291,83,3,False
1,2,vm5nnmzj,28,amb_info,Part,1550609294,3,4,False
1,2,vm5nnmzj,30,amb_info,Decision,1550609320,26,4,False
1,2,vm5nnmzj,38,amb_info,Decision,1550609412,92,5,False
1,2,vm5nnmzj,45,amb_info,InfoChoice,1550609440,28,6,False
1,2,vm5nnmzj,46,amb_info,Decision,1550609483,43,6,False
1,2,vm5nnmzj,47,amb_info,Results,1550609516,33,6,False
1,2,vm5nnmzj,48,amb_info,FeedbackPage,1550609621,105,6,False
1,3,wekbkg8e,1,informed_consent_ambiguity,Consent,1550609028,17,1,False
1,3,wekbkg8e,3,amb_info,Quiz,1550609077,49,1,False
1,3,wekbkg8e,4,amb_info,Part,1550609079,2,1,False
1,3,wekbkg8e,6,amb_info,Decision,1550609130,51,1,False
1,3,wekbkg8e,14,amb_info,Decision,1550609200,70,2,False
1,3,wekbkg8e,21,amb_info,InfoChoice,1550609267,67,3,False
1,3,wekbkg8e,22,amb_info,Decision,1550609306,39,3,False
1,3,wekbkg8e,28,amb_info,Part,1550609315,9,4,False
1,3,wekbkg8e,30,amb_info,Decision,1550609345,30,4,False
1,3,wekbkg8e,38,amb_info,Decision,1550609389,44,5,False
1,3,wekbkg8e,45,amb_info,InfoChoice,1550609417,28,6,False
1,3,wekbkg8e,46,amb_info,Decision,1550609443,26,6,False
1,3,wekbkg8e,47,amb_info,Results,1550609453,10,6,False
1,3,wekbkg8e,48,amb_info,FeedbackPage,1550609504,51,6,False
1,4,kfnja24e,1,informed_consent_ambiguity,Consent,1550609044,33,1,False
1,4,kfnja24e,3,amb_info,Quiz,1550609115,71,1,False
1,4,kfnja24e,4,amb_info,Part,1550609124,9,1,False
1,4,kfnja24e,6,amb_info,Decision,1550609194,70,1,False
1,4,kfnja24e,14,amb_info,Decision,1550609274,80,2,False
1,4,kfnja24e,21,amb_info,InfoChoice,1550609331,57,3,False
1,4,kfnja24e,22,amb_info,Decision,1550609389,58,3,False
1,4,kfnja24e,28,amb_info,Part,1550609394,5,4,False
1,4,kfnja24e,30,amb_info,Decision,1550609455,61,4,False
1,4,kfnja24e,38,amb_info,Decision,1550609540,85,5,False
1,4,kfnja24e,45,amb_info,InfoChoice,1550609569,29,6,False
1,4,kfnja24e,46,amb_info,Decision,1550609599,30,6,False
1,4,kfnja24e,47,amb_info,Results,1550609628,29,6,False
1,4,kfnja24e,48,amb_info,FeedbackPage,1550609667,39,6,False
1,5,g79g9yzh,1,informed_consent_ambiguity,Consent,1550609027,16,1,False
1,5,g79g9yzh,3,amb_info,Quiz,1550609073,46,1,False
1,5,g79g9yzh,4,amb_info,Part,1550609076,3,1,False
1,5,g79g9yzh,6,amb_info,Decision,1550609210,134,1,False
1,5,g79g9yzh,14,amb_info,Decision,1550609326,116,2,False
1,5,g79g9yzh,21,amb_info,InfoChoice,1550609376,50,3,False
1,5,g79g9yzh,22,amb_info,Decision,1550609418,42,3,False
1,5,g79g9yzh,28,amb_info,Part,1550609420,2,4,False
1,5,g79g9yzh,30,amb_info,Decision,1550609442,22,4,False
1,5,g79g9yzh,38,amb_info,Decision,1550609464,22,5,False
1,5,g79g9yzh,45,amb_info,InfoChoice,1550609479,15,6,False
1,5,g79g9yzh,46,amb_info,Decision,1550609529,50,6,False
1,5,g79g9yzh,47,amb_info,Results,1550609560,31,6,False
1,5,g79g9yzh,48,amb_info,FeedbackPage,1550609621,61,6,False
1,6,fyph9oem,1,informed_consent_ambiguity,Consent,1550609029,18,1,False
1,6,fyph9oem,3,amb_info,Quiz,1550609081,52,1,False
1,6,fyph9oem,4,amb_info,Part,1550609085,4,1,False
1,6,fyph9oem,6,amb_info,Decision,1550609127,42,1,False
1,6,fyph9oem,14,amb_info,Decision,1550609207,80,2,False
1,6,fyph9oem,21,amb_info,InfoChoice,1550609263,56,3,False
1,6,fyph9oem,22,amb_info,Decision,1550609338,75,3,False
1,6,fyph9oem,28,amb_info,Part,1550609343,5,4,False
1,6,fyph9oem,30,amb_info,Decision,1550609374,31,4,False
1,6,fyph9oem,38,amb_info,Decision,1550609435,61,5,False
1,6,fyph9oem,45,amb_info,InfoChoice,1550609469,34,6,False
1,6,fyph9oem,46,amb_info,Decision,1550609480,11,6,False
1,6,fyph9oem,47,amb_info,Results,1550609499,19,6,False
1,6,fyph9oem,48,amb_info,FeedbackPage,1550609542,43,6,False
1,7,3wcej6ri,1,informed_consent_ambiguity,Consent,1550609026,15,1,False
1,7,3wcej6ri,3,amb_info,Quiz,1550609081,55,1,False
1,7,3wcej6ri,4,amb_info,Part,1550609085,4,1,False
1,7,3wcej6ri,6,amb_info,Decision,1550609120,35,1,False
1,7,3wcej6ri,14,amb_info,Decision,1550609171,51,2,False
1,7,3wcej6ri,21,amb_info,InfoChoice,1550609201,30,3,False
1,7,3wcej6ri,22,amb_info,Decision,1550609238,37,3,False
1,7,3wcej6ri,28,amb_info,Part,1550609240,2,4,False
1,7,3wcej6ri,30,amb_info,Decision,1550609267,27,4,False
1,7,3wcej6ri,38,amb_info,Decision,1550609312,45,5,False
1,7,3wcej6ri,45,amb_info,InfoChoice,1550609328,16,6,False
1,7,3wcej6ri,46,amb_info,Decision,1550609382,54,6,False
1,7,3wcej6ri,47,amb_info,Results,1550609405,23,6,False
1,7,3wcej6ri,48,amb_info,FeedbackPage,1550609457,52,6,False
1,8,coz7v982,1,informed_consent_ambiguity,Consent,1550609029,18,1,False
1,8,coz7v982,3,amb_info,Quiz,1550609098,69,1,False
1,8,coz7v982,4,amb_info,Part,1550609104,6,1,False
1,8,coz7v982,6,amb_info,Decision,1550609170,66,1,False
1,8,coz7v982,14,amb_info,Decision,1550609207,37,2,False
1,8,coz7v982,21,amb_info,InfoChoice,1550609252,45,3,False
1,8,coz7v982,22,amb_info,Decision,1550609311,59,3,False
1,8,coz7v982,28,amb_info,Part,1550609314,3,4,False
1,8,coz7v982,30,amb_info,Decision,1550609342,28,4,False
1,8,coz7v982,38,amb_info,Decision,1550609367,25,5,False
1,8,coz7v982,45,amb_info,InfoChoice,1550609390,23,6,False
1,8,coz7v982,46,amb_info,Decision,1550609407,17,6,False
1,8,coz7v982,47,amb_info,Results,1550609422,15,6,False
1,8,coz7v982,48,amb_info,FeedbackPage,1550609462,40,6,False
1,9,lsc3bt5b,1,informed_consent_ambiguity,Consent,1550609030,19,1,False
1,9,lsc3bt5b,3,amb_info,Quiz,1550609081,51,1,False
1,9,lsc3bt5b,4,amb_info,Part,1550609088,7,1,False
1,9,lsc3bt5b,6,amb_info,Decision,1550609151,63,1,False
1,9,lsc3bt5b,14,amb_info,Decision,1550609218,67,2,False
1,9,lsc3bt5b,21,amb_info,InfoChoice,1550609277,59,3,False
1,9,lsc3bt5b,22,amb_info,Decision,1550609345,68,3,False
1,9,lsc3bt5b,28,amb_info,Part,1550609349,4,4,False
1,9,lsc3bt5b,30,amb_info,Decision,1550609384,35,4,False
1,9,lsc3bt5b,38,amb_info,Decision,1550609430,46,5,False
1,9,lsc3bt5b,45,amb_info,InfoChoice,1550609451,21,6,False
1,9,lsc3bt5b,46,amb_info,Decision,1550609474,23,6,False
1,9,lsc3bt5b,47,amb_info,Results,1550609509,35,6,False
1,9,lsc3bt5b,48,amb_info,FeedbackPage,1550609580,71,6,False
1,10,54liug3d,1,informed_consent_ambiguity,Consent,1550609044,33,1,False
1,10,54liug3d,3,amb_info,Quiz,1550609148,104,1,False
1,10,54liug3d,4,amb_info,Part,1550609154,6,1,False
1,10,54liug3d,6,amb_info,Decision,1550609192,38,1,False
1,10,54liug3d,14,amb_info,Decision,1550609236,44,2,False
1,10,54liug3d,21,amb_info,InfoChoice,1550609264,28,3,False
1,10,54liug3d,22,amb_info,Decision,1550609297,33,3,False
1,10,54liug3d,28,amb_info,Part,1550609300,3,4,False
1,10,54liug3d,30,amb_info,Decision,1550609316,16,4,False
1,10,54liug3d,38,amb_info,Decision,1550609335,19,5,False
1,10,54liug3d,45,amb_info,InfoChoice,1550609348,13,6,False
1,10,54liug3d,46,amb_info,Decision,1550609394,46,6,False
1,10,54liug3d,47,amb_info,Results,1550609426,32,6,False
1,10,54liug3d,48,amb_info,FeedbackPage,1550609512,86,6,False
1,11,t0sub84i,1,informed_consent_ambiguity,Consent,1550609027,16,1,False
1,11,t0sub84i,3,amb_info,Quiz,1550609082,55,1,False
1,11,t0sub84i,4,amb_info,Part,1550609096,14,1,False
1,11,t0sub84i,6,amb_info,Decision,1550609271,175,1,False
1,11,t0sub84i,14,amb_info,Decision,1550609379,108,2,False
1,11,t0sub84i,21,amb_info,InfoChoice,1550609459,80,3,False
1,11,t0sub84i,22,amb_info,Decision,1550609527,68,3,False
1,11,t0sub84i,28,amb_info,Part,1550609530,3,4,False
1,11,t0sub84i,30,amb_info,Decision,1550609568,38,4,False
1,11,t0sub84i,38,amb_info,Decision,1550609647,79,5,False
1,11,t0sub84i,45,amb_info,InfoChoice,1550609662,15,6,False
1,11,t0sub84i,46,amb_info,Decision,1550609692,30,6,False
1,11,t0sub84i,47,amb_info,Results,1550609710,18,6,False
1,11,t0sub84i,48,amb_info,FeedbackPage,1550609750,40,6,False
1,12,z82yj990,1,informed_consent_ambiguity,Consent,1550609028,17,1,False
1,12,z82yj990,3,amb_info,Quiz,1550609059,31,1,False
1,12,z82yj990,4,amb_info,Part,1550609063,4,1,False
1,12,z82yj990,6,amb_info,Decision,1550609079,16,1,False
1,12,z82yj990,14,amb_info,Decision,1550609129,50,2,False
1,12,z82yj990,21,amb_info,InfoChoice,1550609152,23,3,False
1,12,z82yj990,22,amb_info,Decision,1550609173,21,3,False
1,12,z82yj990,28,amb_info,Part,1550609176,3,4,False
1,12,z82yj990,30,amb_info,Decision,1550609191,15,4,False
1,12,z82yj990,38,amb_info,Decision,1550609207,16,5,False
1,12,z82yj990,45,amb_info,InfoChoice,1550609218,11,6,False
1,12,z82yj990,46,amb_info,Decision,1550609227,9,6,False
1,12,z82yj990,47,amb_info,Results,1550609235,8,6,False
1,12,z82yj990,48,amb_info,FeedbackPage,1550609266,31,6,False
1,13,bdouurem,1,informed_consent_ambiguity,Consent,1550609034,23,1,False
1,13,bdouurem,3,amb_info,Quiz,1550609064,30,1,False
1,13,bdouurem,4,amb_info,Part,1550609068,4,1,False
1,13,bdouurem,6,amb_info,Decision,1550609153,85,1,False
1,13,bdouurem,14,amb_info,Decision,1550609188,35,2,False
1,13,bdouurem,21,amb_info,InfoChoice,1550609211,23,3,False
1,13,bdouurem,22,amb_info,Decision,1550609232,21,3,False
1,13,bdouurem,28,amb_info,Part,1550609238,6,4,False
1,13,bdouurem,30,amb_info,Decision,1550609251,13,4,False
1,13,bdouurem,38,amb_info,Decision,1550609272,21,5,False
1,13,bdouurem,45,amb_info,InfoChoice,1550609288,16,6,False
1,13,bdouurem,46,amb_info,Decision,1550609307,19,6,False
1,13,bdouurem,47,amb_info,Results,1550609336,29,6,False
1,13,bdouurem,48,amb_info,FeedbackPage,1550609400,64,6,False
1,14,bybay0ex,1,informed_consent_ambiguity,Consent,1550609024,13,1,False
1,14,bybay0ex,3,amb_info,Quiz,1550609069,45,1,False
1,14,bybay0ex,4,amb_info,Part,1550609075,6,1,False
1,14,bybay0ex,6,amb_info,Decision,1550609119,44,1,False
1,14,bybay0ex,14,amb_info,Decision,1550609187,68,2,False
1,14,bybay0ex,21,amb_info,InfoChoice,1550609263,76,3,False
1,14,bybay0ex,22,amb_info,Decision,1550609329,66,3,False
1,14,bybay0ex,28,amb_info,Part,1550609332,3,4,False
1,14,bybay0ex,30,amb_info,Decision,1550609365,33,4,False
1,14,bybay0ex,38,amb_info,Decision,1550609400,35,5,False
1,14,bybay0ex,45,amb_info,InfoChoice,1550609448,48,6,False
1,14,bybay0ex,46,amb_info,Decision,1550609483,35,6,False
1,14,bybay0ex,47,amb_info,Results,1550609493,10,6,False
1,14,bybay0ex,48,amb_info,FeedbackPage,1550609521,28,6,False
1,15,45gb0pv6,1,informed_consent_ambiguity,Consent,1550609062,51,1,False
1,15,45gb0pv6,3,amb_info,Quiz,1550609111,49,1,False
1,15,45gb0pv6,4,amb_info,Part,1550609115,4,1,False
1,15,45gb0pv6,6,amb_info,Decision,1550609202,87,1,False
1,15,45gb0pv6,14,amb_info,Decision,1550609273,71,2,False
1,15,45gb0pv6,21,amb_info,InfoChoice,1550609322,49,3,False
1,15,45gb0pv6,22,amb_info,Decision,1550609346,24,3,False
1,15,45gb0pv6,28,amb_info,Part,1550609349,3,4,False
1,15,45gb0pv6,30,amb_info,Decision,1550609375,26,4,False
1,15,45gb0pv6,38,amb_info,Decision,1550609390,15,5,False
1,15,45gb0pv6,45,amb_info,InfoChoice,1550609426,36,6,False
1,15,45gb0pv6,46,amb_info,Decision,1550609457,31,6,False
1,15,45gb0pv6,47,amb_info,Results,1550609470,13,6,False
1,15,45gb0pv6,48,amb_info,FeedbackPage,1550609496,26,6,False
1,16,fulyda5s,1,informed_consent_ambiguity,Consent,1550609027,16,1,False
1,16,fulyda5s,3,amb_info,Quiz,1550609057,30,1,False
1,16,fulyda5s,4,amb_info,Part,1550609061,4,1,False
1,16,fulyda5s,6,amb_info,Decision,1550609109,48,1,False
1,16,fulyda5s,14,amb_info,Decision,1550609159,50,2,False
1,16,fulyda5s,21,amb_info,InfoChoice,1550609180,21,3,False
1,16,fulyda5s,22,amb_info,Decision,1550609203,23,3,False
1,16,fulyda5s,28,amb_info,Part,1550609207,4,4,False
1,16,fulyda5s,30,amb_info,Decision,1550609219,12,4,False
1,16,fulyda5s,38,amb_info,Decision,1550609251,32,5,False
1,16,fulyda5s,45,amb_info,InfoChoice,1550609274,23,6,False
1,16,fulyda5s,46,amb_info,Decision,1550609303,29,6,False
1,16,fulyda5s,47,amb_info,Results,1550609318,15,6,False
1,16,fulyda5s,48,amb_info,FeedbackPage,1550609396,78,6,False
